Strike Dip Rake Strike2 Dip2 Rake2 T
109.258 94.499 -0.011 199.257 89.989 -175.501 1676870635.228
105.641 92.921 170.942 195.175 80.954 2.958 1676870906.744
68.135 77.455 55.910 320.341 36.061 158.346 1676872252.424
90.259 86.610 99.976 198.839 10.530 18.876 1676872261.636
40.633 74.754 156.980 137.008 67.834 16.496 1676872265.364
43.492 78.401 100.163 181.774 15.375 49.316 1676872286.192
39.026 95.683 119.398 119.058 29.894 11.460 1676872291.960
60.924 77.622 116.947 173.787 29.460 25.840 1676872292.868
78.400 81.585 81.288 304.721 12.090 135.679 1676872322.812
50.165 88.056 131.691 142.347 41.728 2.922 1676872325.660
80.106 81.899 124.601 181.651 35.422 14.071 1676872357.620
77.162 87.737 142.254 168.913 52.288 2.861 1676872363.132
88.857 96.494 -150.883 2.461 61.088 -7.424 1676872365.860
-4.151 96.660 -63.570 72.715 27.197 -165.300 1676872370.820
90.132 87.759 48.878 357.567 41.172 176.594 1676872374.160
-2.391 94.321 -171.187 268.278 81.212 -4.372 1676872390.840
56.744 81.894 91.956 223.126 8.337 76.520 1676872391.988
131.634 90.327 -23.989 221.488 66.012 -179.642 1676872400.496
47.663 81.977 36.053 311.861 54.354 170.110 1676872401.672
58.423 89.251 -70.563 150.545 19.451 -177.749 1676872419.652
-2.636 88.351 48.998 265.468 41.029 177.488 1676872422.224
51.710 83.169 50.270 313.565 40.217 169.384 1676872433.084
92.220 81.327 76.914 329.246 15.657 146.030 1676872502.056
63.909 84.276 128.542 161.045 38.900 9.139 1676872514.272
88.975 90.272 176.534 178.959 86.534 0.273 1676872525.368
65.533 84.901 172.164 156.233 82.195 5.147 1676872538.088
87.327 89.381 170.241 177.434 80.242 0.628 1676872545.108
60.475 82.706 110.303 169.415 21.521 20.248 1676872551.708
46.466 77.301 62.088 293.929 30.452 154.296 1676872553.472
4.942 89.931 163.639 94.962 73.639 0.072 1676872554.636
-8.968 86.334 137.704 84.362 47.810 4.951 1676872556.232
21.939 85.043 74.223 274.934 16.519 162.308 1676872556.864
53.263 83.588 127.145 151.650 37.616 10.543 1676872558.528
39.471 79.258 89.177 223.877 10.773 94.329 1676872559.452
104.754 101.174 159.957 190.710 70.353 11.875 1676872561.036
19.214 73.919 86.240 212.560 16.504 102.815 1676872563.240
36.246 79.102 86.571 233.830 11.418 107.257 1676872563.744
83.586 90.396 -175.622 353.616 85.622 -0.397 1676872570.788
-8.102 80.649 62.429 244.612 28.995 160.415 1676872571.904
43.890 87.607 99.066 148.554 9.374 14.853 1676872581.340
-13.738 91.082 34.919 257.018 55.088 178.680 1676872588.932
86.310 96.997 146.489 171.699 56.771 8.373 1676872605.176
37.274 82.188 82.965 259.511 10.498 131.756 1676872634.684
19.479 81.700 67.399 270.354 24.002 159.213 1676872637.704
85.909 89.238 72.078 353.554 17.937 177.524 1676872638.316
69.060 91.585 146.770 158.022 56.784 1.894 1676872639.808
92.508 88.437 117.229 185.544 27.270 3.414 1676872641.152
90.735 93.544 143.837 178.148 53.917 4.387 1676872644.592
65.586 87.641 170.426 155.984 80.434 2.392 1676872646.064
69.012 85.486 100.373 182.278 11.302 23.676 1676872648.124
25.907 96.717 -115.442 309.721 26.257 -15.331 1676872691.184
28.995 77.697 34.839 290.559 56.072 165.119 1676872728.676
80.635 85.994 99.630 193.013 10.423 22.716 1676872732.044
28.320 81.614 125.631 129.821 36.476 14.200 1676872735.320
60.855 78.708 57.364 313.854 34.329 159.683 1676872738.532
28.666 76.763 62.164 275.223 30.594 153.262 1676872826.632
86.058 96.091 -159.238 358.362 69.360 -6.511 1676872829.692
14.911 89.524 143.948 105.258 53.949 0.589 1676872844.648
56.143 82.184 76.652 296.324 15.432 149.264 1676872952.632
72.100 91.635 145.012 160.956 55.028 1.996 1676872957.080
73.560 81.798 75.493 314.688 16.621 150.083 1676872958.560
70.831 95.245 -176.847 341.120 86.860 -5.253 1676872969.840
83.732 96.124 -160.829 355.856 70.942 -6.481 1676872974.324
22.690 81.999 63.642 276.998 27.462 162.432 1676872975.568
24.699 90.690 66.334 296.274 23.676 178.280 1676872975.976
74.909 83.542 163.754 166.786 73.860 6.724 1676872978.596
55.228 100.645 178.154 144.887 88.186 10.650 1676873004.632
51.343 74.916 53.990 301.643 38.644 155.372 1676873006.396
59.228 84.959 107.339 164.947 18.035 16.488 1676873011.384
33.510 95.466 93.340 65.002 6.403 58.667 1676873109.280
12.474 84.485 82.724 245.501 9.121 142.676 1676873171.132
12.327 89.506 136.440 102.797 46.442 0.682 1676873172.612
58.166 81.826 126.672 158.976 37.446 13.524 1676873182.500
4.849 78.378 58.207 256.844 33.640 158.675 1676873184.972
52.812 95.292 177.173 142.551 87.186 5.298 1676873186.540
89.688 85.154 58.673 351.785 31.662 170.738 1676873404.024
51.237 93.210 179.914 141.232 89.914 3.210 1676873418.520
106.425 87.446 -22.127 197.463 67.896 -177.243 1676873486.612
39.521 71.398 69.696 268.755 27.268 135.875 1676873621.716
94.480 89.336 130.652 185.253 40.657 1.019 1676873645.020
83.015 91.925 89.568 70.356 1.973 102.651 1676873757.452
47.866 74.293 103.056 187.282 20.319 51.225 1676873856.768
28.721 87.574 -155.648 297.623 65.671 -2.663 1676873906.340
1.433 86.287 159.588 92.813 69.632 3.961 1676873915.836
46.925 89.841 91.054 145.512 1.066 8.588 1676874042.016
52.258 93.697 157.230 140.708 67.280 4.008 1676874087.356
74.665 77.947 73.513 309.460 20.324 143.042 1676874092.660
99.794 99.487 155.333 185.465 65.692 10.420 1676874105.220
88.949 97.337 -170.611 0.158 80.688 -7.436 1676874142.848
25.301 94.589 164.928 114.066 74.977 4.751 1676874190.712
12.593 77.618 50.178 268.170 41.395 161.077 1676874321.028
106.703 79.402 47.164 5.483 43.880 164.613 1676874469.900
9.261 95.438 117.293 88.853 27.789 11.729 1676874524.532
117.559 101.053 -61.146 188.374 30.728 -157.963 1676874529.708
83.490 78.075 32.142 346.092 58.632 165.995 1676874548.884
72.162 90.721 114.448 160.576 24.458 1.743 1676874611.404
98.740 89.423 135.893 189.299 45.895 0.803 1676874673.736
51.463 96.005 127.541 133.711 37.948 9.795 1676874792.804
68.387 86.758 162.668 159.398 72.697 3.395 1676874811.212
97.741 85.836 35.439 4.782 54.669 174.893 1676874813.560
35.456 82.314 30.053 301.031 60.244 171.138 1676874860.740
92.019 101.831 -132.957 14.437 44.249 -17.087 1676874862.936
-11.451 95.394 -138.700 263.270 48.922 -7.163 1676874870.908
102.277 94.589 112.405 181.295 22.847 11.891 1676874872.752
25.356 89.712 151.885 115.510 61.886 0.327 1676874919.440
102.323 84.596 176.843 192.620 86.857 5.412 1676874925.172
37.519 77.870 63.724 284.464 28.759 154.104 1676874962.536
32.142 96.676 98.490 84.232 10.786 38.406 1676875528.068
77.984 87.778 139.672 169.869 49.708 2.914 1676875545.064
35.560 97.276 -160.678 308.103 70.839 -7.705 1676875756.360
59.290 86.513 100.118 168.112 10.696 19.131 1676875909.276
84.141 85.229 47.451 348.964 42.765 172.964 1676876810.664
81.617 78.480 70.846 321.719 22.239 148.151 1676876852.892
87.992 96.870 147.251 173.592 57.515 8.152 1676876855.044
66.581 74.091 74.965 290.999 21.755 132.306 1676876884.976
74.470 73.210 65.232 312.419 29.622 144.238 1676876886.208
27.659 92.335 73.862 305.675 16.302 171.653 1676877013.428
31.496 96.175 168.892 120.286 78.957 6.292 1676877096.204
80.173 77.708 59.700 330.156 32.478 156.643 1676877100.076
21.861 92.644 72.594 300.232 17.600 171.224 1676877195.100
72.960 77.568 54.841 325.965 37.024 159.052 1676877245.996
89.689 81.674 64.713 342.647 26.536 161.087 1676877248.612
97.869 86.885 126.880 192.010 36.992 5.181 1676877250.632
63.718 83.790 136.026 159.677 46.349 8.598 1676877552.264
23.509 83.997 89.246 210.681 6.050 97.132 1676877623.112
92.215 82.200 38.666 356.017 51.757 170.049 1676878062.472
21.196 92.977 -171.113 291.661 81.125 -3.013 1676878200.160
60.110 84.515 159.722 152.132 69.818 5.845 1676878947.344
